5 9
1 4 17
1 5 13
2 4 3
3 4 23
3 5 5
4 1 11
4 3 19
5 2 2
5 4 29
1

// this graph has extra full-rank cycles
5 9
1 2 43
2 3 73
2 5 67
3 1 79
3 4 23
4 2 83
5 1 53
5 2 61
5 3 2
1

// looks like triangle with central triangle
// need to take 3 bases with 4 cycles (all 5 cycles except for one of the three boundary small cycles)
6 9
1 2 19
1 6 3
2 3 61
2 4 37
3 1 79
3 5 2
4 1 23
5 2 43
6 3 13
1

// my coef is 2x as the real answer !!! I'm adding something extra
5 8
1 5 31
2 4 2
2 5 3
3 1 37
3 2 13
4 5 29
5 2 41
5 3 5
1

// my rank is 9, min arc set rank is 4 (huh?!)
6 14
1 6 29
1 4 71
2 4 5
2 3 17
3 6 13
3 1 37
4 6 97
4 1 79
4 2 7
4 5 43
5 2 53
5 6 2
5 3 31
6 3 19
1

// my rank is different from beta
7 16
1 6 5.406809
1 3 4.013271
1 4 7.409646
1 7 5.907791
1 2 7.482203
2 1 7.940775
3 2 3.260855
3 1 6.680003
4 7 2.653603
4 1 5.195785
4 5 3.216546
5 6 7.015425
5 7 9.353014
6 2 7.280960
6 4 5.500465
7 5 8.888739
1

// graph with sqrt(prime) from prof
5 7
1 2 29
1 3 7
1 5 3
2 5 2
3 4 13
3 5 31
5 1 23
5

// graph with sqrt(prime) from prof
4 6
1 2 29
1 3 7
1 4 3
2 4 2
3 4 31
4 1 23
4

// graph with sqrt(prime) from prof
5 7
1 2 5
1 3 23
1 5 31
2 5 2
3 4 43
3 5 19
5 1 29
5

5 12
1 2 2.726508791
2 3 2.792400232
2 5 4.679394794
2 1 7.246745450
3 1 3.759159316
3 2 6.049550977
3 5 8.988471285
4 5 8.804745288
4 1 7.406104277
4 2 6.326421095
5 3 8.096933967
5 4 4.453633845
1

4 7
1 4 7.951725
2 3 7.617314
3 1 2.339631
3 4 8.070025
3 2 7.935325
4 1 7.516147
4 3 8.122734
1

3 4
1 2 4.339155
1 3 7.120922
2 3 1.145018
3 1 4.939246
1

4 7
1 4 7.951725
2 3 7.617314
3 1 2.339631
3 4 8.070025
3 2 7.935325
4 1 7.516147
4 3 8.122734
1

4 9
1 3 6.322222405
1 2 9.300955740
2 4 3.561829464
2 3 2.728094610
3 2 7.793098380
3 4 4.451790455
4 3 2.248899948
4 2 5.759205903
4 1 3.719992918
1

4 7
1 2 7.662118798
2 1 5.760967876
2 3 4.722300255
3 1 3.372027703
3 4 6.025916391
4 2 4.995281227
4 1 4.113421792
1

5 12
1 2 2.726508791
2 3 2.792400232
2 5 4.679394794
2 1 7.246745450
3 1 3.759159316
3 2 6.049550977
3 5 8.988471285
4 5 8.804745288
4 1 7.406104277
4 2 6.326421095
5 3 8.096933967
5 4 4.453633845
1

3 5
1 2 1.109123123
1 3 6.776345667
2 1 7.9745673568
3 2 6.9932343
3 1 2.482858932
1


3 6
1 2 4.255314
1 3 1.210100
2 1 8.379384
2 3 1.610062
3 2 1.153899
3 1 5.290655
1

3 5
1 2 4.189
2 1 4.071
2 3 2.404
3 2 4.629
3 1 2.499
1

4 5
1 2 3.6055
2 3 4.5825
1 4 20.0855
4 3 4.1212
3 1 3.3201
1